9 4 1 2 3 4 5
8 3 2 3 4 5
7 2 3 4 5
6 1 4 5
5 0 5
5 0 4
6 1 3 5
5 0 3
6 1 3 4
7 2 2 4 5
6 1 2 5
5 0 2
6 1 2 4
7 2 2 3 5
6 1 2 3
7 2 2 3 4
8 3 1 3 4 5
7 2 1 4 5
6 1 1 5
5 0 1
6 1 1 4
7 2 1 3 5
6 1 1 3
7 2 1 3 4
8 3 1 2 4 5
7 2 1 2 5
6 1 1 2
7 2 1 2 4
8 3 1 2 3 5
7 2 1 2 3
8 3 1 2 3 4
9 4 0 2 3 4 5
8 3 0 3 4 5
7 2 0 4 5
6 1 0 5
5 0 0
6 1 0 4
7 2 0 3 5
6 1 0 3
7 2 0 3 4
8 3 0 2 4 5
7 2 0 2 5
6 1 0 2
7 2 0 2 4
8 3 0 2 3 5
7 2 0 2 3
8 3 0 2 3 4
9 4 0 1 3 4 5
8 3 0 1 4 5
7 2 0 1 5
6 1 0 1
7 2 0 1 4
8 3 0 1 3 5
7 2 0 1 3
8 3 0 1 3 4
9 4 0 1 2 4 5
8 3 0 1 2 5
7 2 0 1 2
8 3 0 1 2 4
9 4 0 1 2 3 5
8 3 0 1 2 3
9 4 0 1 2 3 4
