9 5 1 2 3 4 5 6
8 4 2 3 4 5 6
7 3 3 4 5 6
6 2 4 5 6
5 1 5 6
4 0 6
4 0 5
5 1 4 6
4 0 4
5 1 4 5
6 2 3 5 6
5 1 3 6
4 0 3
5 1 3 5
6 2 3 4 6
5 1 3 4
6 2 3 4 5
7 3 2 4 5 6
6 2 2 5 6
5 1 2 6
4 0 2
5 1 2 5
6 2 2 4 6
5 1 2 4
6 2 2 4 5
7 3 2 3 5 6
6 2 2 3 6
5 1 2 3
6 2 2 3 5
7 3 2 3 4 6
6 2 2 3 4
7 3 2 3 4 5
8 4 1 3 4 5 6
7 3 1 4 5 6
6 2 1 5 6
5 1 1 6
4 0 1
5 1 1 5
6 2 1 4 6
5 1 1 4
6 2 1 4 5
7 3 1 3 5 6
6 2 1 3 6
5 1 1 3
6 2 1 3 5
7 3 1 3 4 6
6 2 1 3 4
7 3 1 3 4 5
8 4 1 2 4 5 6
7 3 1 2 5 6
6 2 1 2 6
5 1 1 2
6 2 1 2 5
7 3 1 2 4 6
6 2 1 2 4
7 3 1 2 4 5
8 4 1 2 3 5 6
7 3 1 2 3 6
6 2 1 2 3
7 3 1 2 3 5
8 4 1 2 3 4 6
7 3 1 2 3 4
8 4 1 2 3 4 5
9 5 0 2 3 4 5 6
8 4 0 3 4 5 6
7 3 0 4 5 6
6 2 0 5 6
5 1 0 6
4 0 0
5 1 0 5
6 2 0 4 6
5 1 0 4
6 2 0 4 5
7 3 0 3 5 6
6 2 0 3 6
5 1 0 3
6 2 0 3 5
7 3 0 3 4 6
6 2 0 3 4
7 3 0 3 4 5
8 4 0 2 4 5 6
7 3 0 2 5 6
6 2 0 2 6
5 1 0 2
6 2 0 2 5
7 3 0 2 4 6
6 2 0 2 4
7 3 0 2 4 5
8 4 0 2 3 5 6
7 3 0 2 3 6
6 2 0 2 3
7 3 0 2 3 5
8 4 0 2 3 4 6
7 3 0 2 3 4
8 4 0 2 3 4 5
9 5 0 1 3 4 5 6
8 4 0 1 4 5 6
7 3 0 1 5 6
6 2 0 1 6
5 1 0 1
6 2 0 1 5
7 3 0 1 4 6
6 2 0 1 4
7 3 0 1 4 5
8 4 0 1 3 5 6
7 3 0 1 3 6
6 2 0 1 3
7 3 0 1 3 5
8 4 0 1 3 4 6
7 3 0 1 3 4
8 4 0 1 3 4 5
9 5 0 1 2 4 5 6
8 4 0 1 2 5 6
7 3 0 1 2 6
6 2 0 1 2
7 3 0 1 2 5
8 4 0 1 2 4 6
7 3 0 1 2 4
8 4 0 1 2 4 5
9 5 0 1 2 3 5 6
8 4 0 1 2 3 6
7 3 0 1 2 3
8 4 0 1 2 3 5
9 5 0 1 2 3 4 6
8 4 0 1 2 3 4
9 5 0 1 2 3 4 5
