10 7 0 1 2 3 4 5 6 7
9 6 1 2 3 4 5 6 7
8 5 2 3 4 5 6 7
7 4 3 4 5 6 7
6 3 4 5 6 7
5 2 5 6 7
4 1 6 7
3 0 7
3 0 6
4 1 5 7
3 0 5
4 1 5 6
5 2 4 6 7
4 1 4 7
3 0 4
4 1 4 6
5 2 4 5 7
4 1 4 5
5 2 4 5 6
6 3 3 5 6 7
5 2 3 6 7
4 1 3 7
3 0 3
4 1 3 6
5 2 3 5 7
4 1 3 5
5 2 3 5 6
6 3 3 4 6 7
5 2 3 4 7
4 1 3 4
5 2 3 4 6
6 3 3 4 5 7
5 2 3 4 5
6 3 3 4 5 6
7 4 2 4 5 6 7
6 3 2 5 6 7
5 2 2 6 7
4 1 2 7
3 0 2
4 1 2 6
5 2 2 5 7
4 1 2 5
5 2 2 5 6
6 3 2 4 6 7
5 2 2 4 7
4 1 2 4
5 2 2 4 6
6 3 2 4 5 7
5 2 2 4 5
6 3 2 4 5 6
7 4 2 3 5 6 7
6 3 2 3 6 7
5 2 2 3 7
4 1 2 3
5 2 2 3 6
6 3 2 3 5 7
5 2 2 3 5
6 3 2 3 5 6
7 4 2 3 4 6 7
6 3 2 3 4 7
5 2 2 3 4
6 3 2 3 4 6
7 4 2 3 4 5 7
6 3 2 3 4 5
7 4 2 3 4 5 6
8 5 1 3 4 5 6 7
7 4 1 4 5 6 7
6 3 1 5 6 7
5 2 1 6 7
4 1 1 7
3 0 1
4 1 1 6
5 2 1 5 7
4 1 1 5
5 2 1 5 6
6 3 1 4 6 7
5 2 1 4 7
4 1 1 4
5 2 1 4 6
6 3 1 4 5 7
5 2 1 4 5
6 3 1 4 5 6
7 4 1 3 5 6 7
6 3 1 3 6 7
5 2 1 3 7
4 1 1 3
5 2 1 3 6
6 3 1 3 5 7
5 2 1 3 5
6 3 1 3 5 6
7 4 1 3 4 6 7
6 3 1 3 4 7
5 2 1 3 4
6 3 1 3 4 6
7 4 1 3 4 5 7
6 3 1 3 4 5
7 4 1 3 4 5 6
8 5 1 2 4 5 6 7
7 4 1 2 5 6 7
6 3 1 2 6 7
5 2 1 2 7
4 1 1 2
5 2 1 2 6
6 3 1 2 5 7
5 2 1 2 5
6 3 1 2 5 6
7 4 1 2 4 6 7
6 3 1 2 4 7
5 2 1 2 4
6 3 1 2 4 6
7 4 1 2 4 5 7
6 3 1 2 4 5
7 4 1 2 4 5 6
8 5 1 2 3 5 6 7
7 4 1 2 3 6 7
6 3 1 2 3 7
5 2 1 2 3
6 3 1 2 3 6
7 4 1 2 3 5 7
6 3 1 2 3 5
7 4 1 2 3 5 6
8 5 1 2 3 4 6 7
7 4 1 2 3 4 7
6 3 1 2 3 4
7 4 1 2 3 4 6
8 5 1 2 3 4 5 7
7 4 1 2 3 4 5
8 5 1 2 3 4 5 6
9 6 0 2 3 4 5 6 7
8 5 0 3 4 5 6 7
7 4 0 4 5 6 7
6 3 0 5 6 7
5 2 0 6 7
4 1 0 7
3 0 0
4 1 0 6
5 2 0 5 7
4 1 0 5
5 2 0 5 6
6 3 0 4 6 7
5 2 0 4 7
4 1 0 4
5 2 0 4 6
6 3 0 4 5 7
5 2 0 4 5
6 3 0 4 5 6
7 4 0 3 5 6 7
6 3 0 3 6 7
5 2 0 3 7
4 1 0 3
5 2 0 3 6
6 3 0 3 5 7
5 2 0 3 5
6 3 0 3 5 6
7 4 0 3 4 6 7
6 3 0 3 4 7
5 2 0 3 4
6 3 0 3 4 6
7 4 0 3 4 5 7
6 3 0 3 4 5
7 4 0 3 4 5 6
8 5 0 2 4 5 6 7
7 4 0 2 5 6 7
6 3 0 2 6 7
5 2 0 2 7
4 1 0 2
5 2 0 2 6
6 3 0 2 5 7
5 2 0 2 5
6 3 0 2 5 6
7 4 0 2 4 6 7
6 3 0 2 4 7
5 2 0 2 4
6 3 0 2 4 6
7 4 0 2 4 5 7
6 3 0 2 4 5
7 4 0 2 4 5 6
8 5 0 2 3 5 6 7
7 4 0 2 3 6 7
6 3 0 2 3 7
5 2 0 2 3
6 3 0 2 3 6
7 4 0 2 3 5 7
6 3 0 2 3 5
7 4 0 2 3 5 6
8 5 0 2 3 4 6 7
7 4 0 2 3 4 7
6 3 0 2 3 4
7 4 0 2 3 4 6
8 5 0 2 3 4 5 7
7 4 0 2 3 4 5
8 5 0 2 3 4 5 6
9 6 0 1 3 4 5 6 7
8 5 0 1 4 5 6 7
7 4 0 1 5 6 7
6 3 0 1 6 7
5 2 0 1 7
4 1 0 1
5 2 0 1 6
6 3 0 1 5 7
5 2 0 1 5
6 3 0 1 5 6
7 4 0 1 4 6 7
6 3 0 1 4 7
5 2 0 1 4
6 3 0 1 4 6
7 4 0 1 4 5 7
6 3 0 1 4 5
7 4 0 1 4 5 6
8 5 0 1 3 5 6 7
7 4 0 1 3 6 7
6 3 0 1 3 7
5 2 0 1 3
6 3 0 1 3 6
7 4 0 1 3 5 7
6 3 0 1 3 5
7 4 0 1 3 5 6
8 5 0 1 3 4 6 7
7 4 0 1 3 4 7
6 3 0 1 3 4
7 4 0 1 3 4 6
8 5 0 1 3 4 5 7
7 4 0 1 3 4 5
8 5 0 1 3 4 5 6
9 6 0 1 2 4 5 6 7
8 5 0 1 2 5 6 7
7 4 0 1 2 6 7
6 3 0 1 2 7
5 2 0 1 2
6 3 0 1 2 6
7 4 0 1 2 5 7
6 3 0 1 2 5
7 4 0 1 2 5 6
8 5 0 1 2 4 6 7
7 4 0 1 2 4 7
6 3 0 1 2 4
7 4 0 1 2 4 6
8 5 0 1 2 4 5 7
7 4 0 1 2 4 5
8 5 0 1 2 4 5 6
9 6 0 1 2 3 5 6 7
8 5 0 1 2 3 6 7
7 4 0 1 2 3 7
6 3 0 1 2 3
7 4 0 1 2 3 6
8 5 0 1 2 3 5 7
7 4 0 1 2 3 5
8 5 0 1 2 3 5 6
9 6 0 1 2 3 4 6 7
8 5 0 1 2 3 4 7
7 4 0 1 2 3 4
8 5 0 1 2 3 4 6
9 6 0 1 2 3 4 5 7
8 5 0 1 2 3 4 5
9 6 0 1 2 3 4 5 6
